[  ]   ----------for input value 9
[  ]   ----------for input value 5
[  ]   ----------for input value 6
[  ]   ----------for input value 2
[  ]   ----------for input value 4
[  ]   ----------for input value 3
[  ]   ----------for input value 1
[ 0, 1, 2, 3, 4, 5,  ]   ----------for input value 0
[ 0, 1, 2, 3, 4, 5,  ]   ----------for input value 7
[ 0, 1, 2, 3, 4, 5, 6, 7, 8,  ]   ----------for input value 8
[ 0, 1, 2, 3, 4, 5, 6, 7, 8,  ]   ----------for input value 19
[ 0, 1, 2, 3, 4, 5, 6, 7, 8,  ]   ----------for input value 12
[ 0, 1, 2, 3, 4, 5, 6, 7, 8,  ]   ----------for input value 17
[ 0, 1, 2, 3, 4, 5, 6, 7, 8,  ]   ----------for input value 13
[ 0, 1, 2, 3, 4, 5, 6, 7, 8,  ]   ----------for input value 11
[ 0, 1, 2, 3, 4, 5, 6, 7, 8,  ]   ----------for input value 14
[ 0, 1, 2, 3, 4, 5, 6, 7, 8,  ]   ----------for input value 18
[ 0, 1, 2, 3, 4, 5, 6, 7, 8,  ]   ----------for input value 15
[ 0, 1, 2, 3, 4, 5, 6, 7, 8,  ]   ----------for input value 16
[ 0, 1, 2, 3, 4, 5, 6, 7, 8, 9, 10, 11, 12, 13, 14, 15, 16, 17,  ]   ----------for input value 10
[ 0, 1, 2, 3, 4, 5, 6, 7, 8, 9, 10, 11, 12, 13, 14, 15, 16, 17,  ]   ----------for input value 29
[ 0, 1, 2, 3, 4, 5, 6, 7, 8, 9, 10, 11, 12, 13, 14, 15, 16, 17,  ]   ----------for input value 28
[ 0, 1, 2, 3, 4, 5, 6, 7, 8, 9, 10, 11, 12, 13, 14, 15, 16, 17,  ]   ----------for input value 26
[ 0, 1, 2, 3, 4, 5, 6, 7, 8, 9, 10, 11, 12, 13, 14, 15, 16, 17,  ]   ----------for input value 27
[ 0, 1, 2, 3, 4, 5, 6, 7, 8, 9, 10, 11, 12, 13, 14, 15, 16, 17,  ]   ----------for input value 25
[ 0, 1, 2, 3, 4, 5, 6, 7, 8, 9, 10, 11, 12, 13, 14, 15, 16, 17,  ]   ----------for input value 21
[ 0, 1, 2, 3, 4, 5, 6, 7, 8, 9, 10, 11, 12, 13, 14, 15, 16, 17,  ]   ----------for input value 23
[ 0, 1, 2, 3, 4, 5, 6, 7, 8, 9, 10, 11, 12, 13, 14, 15, 16, 17,  ]   ----------for input value 22
[ 0, 1, 2, 3, 4, 5, 6, 7, 8, 9, 10, 11, 12, 13, 14, 15, 16, 17,  ]   ----------for input value 24
[ 0, 1, 2, 3, 4, 5, 6, 7, 8, 9, 10, 11, 12, 13, 14, 15, 16, 17, 18, 19, 20, 21, 22, 23, 24,  ]   ----------for input value 20
